74.0 0.76318475 0.18640466666666666 0.009500325000000087 0.016664366666666652
5.0 0.65573625 0.40078600000000003 0.0415350000000001 0.06680666666666668
0.0 0.84819560625 0.6114885000000001 0.06870068750000002 0.1380176666666667
2.0 0.13444218749999998 0.8639566666666667 0.246997125 0.3200970000000001
0.0 0.8639101499999999 0.6126497500000001 0.0481897 0.1403401666666667
2.0 0.1391675 0.5829659166666666 0.22151575 0.18508550000000001
2.0 0.03676625 0.42127733333333334 0.05554524999999999 0.03703466666666666
2.0 0.41926026875 0.4978611666666667 0.08839946249999997 0.09669700000000003
2.0 0.1394199375 0.5829659166666666 0.22202062500000003 0.18508550000000001
2.0 0.447253625 0.48162475 0.12037825000000008 0.1012088333333333
2.0 0.6626335 0.4596576666666667 0.03418275000000004 0.04507300000000003
2.0 0.34945645000000003 0.5111509999999999 0.08532590000000001 0.08108099999999996
0.0 0.585518325 1.0301916666666666 0.04597275000000001 0.1039270000000001
24.0 0.8350244625 0.5792626833333333 0.041275249999999986 0.03786303333333341
2.0 0.6965027500000001 0.447983 0.03605999999999998 0.03913
2.0 0.5064139375000001 0.49071841666666666 0.09052037499999999 0.09705183333333334
0.0 0.64358475 1.0215166666666666 0.06113275000000007 0.11864466666666662
0.0 0.5234785 0.8337776666666668 0.05187349999999996 0.29589433333333337
9.0 0.380659625 0.35747366666666663 0.01621872499999999 0.04000899999999996
24.0 0.835206675 0.5788517333333334 0.04163967499999999 0.03868493333333334
9.0 0.7853162499999999 0.378444 0.02347245000000009 0.06137366666666666
0.0 0.76215025 0.6547842500000001 0.029350999999999905 0.15100350000000018
24.0 0.8494944625 0.5786110499999999 0.013064099999999912 0.03820356666666658
26.0 0.5249925 0.8039706666666666 0.028385000000000105 0.10568899999999992
58.0 0.5556804375 0.5781663333333333 0.059442875000000006 0.11748366666666676
2.0 0.3721014375 0.5111509999999999 0.130615875 0.08108099999999996
0.0 0.8141119125 0.6027553333333334 0.0410841500000001 0.10974833333333334
2.0 0.1065795 0.424883 0.05691499999999999 0.03746099999999997
26.0 0.5249925 0.8039706666666666 0.028385000000000105 0.10568899999999992
2.0 0.13444218749999998 0.8639566666666667 0.246997125 0.3200970000000001
0.0 0.83854208125 0.6114885000000001 0.049894137499999935 0.1380176666666667
2.0 0.1394199375 0.5829659166666666 0.22202062500000003 0.18508550000000001
2.0 0.51569325 0.5033766666666667 0.07196175000000005 0.07173533333333332
2.0 0.43680568749999993 0.48166420833333334 0.09948237499999996 0.10128775000000001
0.0 0.9401539999999999 0.5609620000000001 0.01677337500000009 0.04432400000000003
0.0 0.83742035625 0.6000545833333334 0.04765068750000001 0.1151498333333334
2.0 0.83124875 0.4302186666666667 0.018017750000000055 0.024563800000000025
0.0 0.82668363125 0.6001196666666666 0.06622758750000002 0.11509566666666671
58.0 0.5556804375 0.5781663333333333 0.059442875000000006 0.11748366666666676
67.0 0.8507079999999999 0.768742 0.055531 0.12856533333333342
2.0 0.13444218749999998 0.8639566666666667 0.246997125 0.3200970000000001
2.0 0.1391675 0.5829659166666666 0.22151575 0.18508550000000001
2.0 0.73723125 0.45246666666666663 0.03447424999999993 0.041458333333333375
9.0 0.7853162499999999 0.378444 0.02347245000000009 0.06137366666666666
0.0 0.8670669249999999 0.6208440000000001 0.04187615 0.12395166666666668
2.0 0.3721014375 0.5111509999999999 0.130615875 0.08108099999999996
2.0 0.42526224999999995 0.490910375 0.0763955 0.08279541666666668
0.0 0.5234785 0.8337776666666668 0.05187349999999996 0.29589433333333337
2.0 0.1982086875 0.5440585 0.10444312500000003 0.10727066666666674
0.0 0.8637910375 0.6126497500000001 0.04842792499999993 0.1403401666666667
2.0 0.7670420750000001 0.415306 0.016034775000000057 0.02210543333333337
2.0 0.73723125 0.45246666666666663 0.03447424999999993 0.041458333333333375
2.0 0.49418181250000004 0.48513233333333333 0.11337837500000014 0.10822399999999999
2.0 0.7670420750000001 0.415306 0.016034775000000057 0.02210543333333337
0.0 0.23905875 0.41076566666666664 0.0056948250000000145 0.02131263333333333
2.0 0.13444218749999998 0.8639566666666667 0.246997125 0.3200970000000001
0.0 0.76215025 0.6547842500000001 0.029350999999999905 0.15100350000000018
0.0 0.8141119125 0.6027553333333334 0.0410841500000001 0.10974833333333334
26.0 0.74962975 0.689019 0.0074211500000000985 0.04985666666666666
2.0 0.1982086875 0.5440585 0.10444312500000003 0.10727066666666674
2.0 0.34945645000000003 0.5111509999999999 0.08532590000000001 0.08108099999999996
2.0 0.42526224999999995 0.490910375 0.0763955 0.08279541666666668
9.0 0.380659625 0.35747366666666663 0.01621872499999999 0.04000899999999996
