74.0 0.7690641437500001 0.18823666666666666 0.021502537500000085 0.017169733333333298
0.0 0.028656 0.4435713333333333 0.012843350000000003 0.054053666666666667
0.0 0.6351231875000001 0.8076518333333333 0.06088912499999999 0.27972966666666665
0.0 0.83574575 0.6927026666666667 0.03353125000000001 0.17766933333333323
2.0 0.8085255 0.47183983333333335 0.07941550000000008 0.04946633333333322
0.0 0.6140784125000001 0.7944690000000001 0.10297867500000002 0.25370800000000004
0.0 0.7292700624999999 0.839097 0.08089237500000013 0.36475733333333327
0.0 0.4077575 0.9002368333333333 0.08979124999999993 0.35855733333333306
5.0 0.5794818125 0.47149641666666664 0.1654381250000001 0.16488783333333323
26.0 0.6005545 0.8648828333333334 0.01872367499999994 0.06649933333333324
9.0 0.51602924375 0.29199533333333333 0.007407087499999965 0.029336533333333303
5.0 0.7530367750000001 0.40364008333333334 0.02938755000000004 0.035276500000000044
2.0 0.50966275 0.4986823333333333 0.02571374999999998 0.06692299999999995
9.0 0.78427575 0.3799536666666667 0.021106199999999964 0.06064000000000003
0.0 0.4085891875 0.9002368333333333 0.08812787499999997 0.35855733333333306
2.0 0.6888435 0.5074392333333333 0.05948599999999993 0.06110880000000002
74.0 0.7690641437500001 0.18823666666666666 0.021502537500000085 0.017169733333333298
5.0 0.5794818125 0.47149641666666664 0.1654381250000001 0.16488783333333323
5.0 0.3264565 0.4101726666666667 0.20767250000000004 0.12871033333333337
0.0 0.4077575 0.9002368333333333 0.08979124999999993 0.35855733333333306
24.0 0.57915175 0.7550274166666666 0.03011325000000009 0.0930051666666668
0.0 0.51140975 0.7502550833333334 0.044744499999999965 0.23629049999999996
0.0 0.40303843750000007 0.8833288333333333 0.08035312500000003 0.3247413333333332
0.0 0.7292700624999999 0.839097 0.08089237500000013 0.36475733333333327
2.0 0.46942325 0.4374503333333334 0.051848000000000005 0.03789500000000001
26.0 0.6005545 0.8648828333333334 0.01872367499999994 0.06649933333333324
7.0 0.6128509999999999 0.4720026666666667 0.0988690000000001 0.1627816666666666
0.0 0.4077575 0.9104266666666666 0.08979124999999993 0.3381776666666665
7.0 0.06508525 0.4174886666666666 0.1008685 0.058010333333333275
5.0 0.32657068749999996 0.4101726666666667 0.20790087500000004 0.12871033333333337
0.0 0.40303843750000007 0.8833288333333333 0.08035312500000003 0.3247413333333332
0.0 0.581509725 0.82218225 0.05304920000000002 0.30913449999999987
0.0 0.581509725 0.82218225 0.05304920000000002 0.30913449999999987
0.0 0.581509725 0.82218225 0.05304920000000002 0.30913449999999987
0.0 0.16457025 0.39501766666666666 0.01592502499999998 0.06289766666666663
7.0 0.5174915 0.427272 0.04599675000000003 0.06570566666666666
9.0 0.51602924375 0.29199533333333333 0.007407087499999965 0.029336533333333303
0.0 0.634740125 0.8090275 0.06012300000000004 0.2769783333333333
0.0 0.890124 0.4878136666666666 0.01266484999999995 0.046091999999999966
74.0 0.7690641437500001 0.18823666666666666 0.021502537500000085 0.017169733333333298
5.0 0.7530367750000001 0.40364008333333334 0.02938755000000004 0.035276500000000044
26.0 0.8480065 0.6646816666666666 0.010039225000000096 0.07017300000000004
5.0 0.32657068749999996 0.4101726666666667 0.20790087500000004 0.12871033333333337
0.0 0.51140975 0.7502550833333334 0.044744499999999965 0.23629049999999996
2.0 0.9143775000000001 0.4944613333333333 0.06926699999999997 0.05528500000000003
0.0 0.4085891875 0.9002368333333333 0.08812787499999997 0.35855733333333306
0.0 0.31605475 0.9053170833333333 0.05815075000000003 0.3475058333333333
2.0 0.8085255 0.47183983333333335 0.07941550000000008 0.04946633333333322
9.0 0.78427575 0.3799536666666667 0.021106199999999964 0.06064000000000003
0.0 0.47875750000000006 0.4123256666666667 0.005179025000000004 0.01614340000000003
0.0 0.6209132500000001 0.7959306666666668 0.032469250000000005 0.25078466666666677
0.0 0.31605475 0.9053170833333333 0.05815075000000003 0.3475058333333333
2.0 0.896334 0.4613116666666666 0.030293499999999973 0.023049366666666682
5.0 0.5794818125 0.47149641666666664 0.1654381250000001 0.16488783333333323
0.0 0.4077575 0.9002368333333333 0.08979124999999993 0.35855733333333306
74.0 0.7690641437500001 0.18823666666666666 0.021502537500000085 0.017169733333333298
0.0 0.7292700624999999 0.839097 0.08089237500000013 0.36475733333333327
0.0 0.589938925 0.82218225 0.06990760000000007 0.30913449999999987
0.0 0.7292700624999999 0.839097 0.08089237500000013 0.36475733333333327
0.0 0.6352382624999999 0.8076518333333333 0.06065897500000006 0.27972966666666665
0.0 0.6351231875000001 0.8076518333333333 0.06088912499999999 0.27972966666666665
2.0 0.6888435 0.5074392333333333 0.05948599999999993 0.06110880000000002
24.0 0.70966 0.7385153333333333 0.028460750000000035 0.08631233333333332
5.0 0.5794818125 0.47149641666666664 0.1654381250000001 0.16488783333333323
24.0 0.57915175 0.7550274166666666 0.03011325000000009 0.0930051666666668
