2.0 0.48828768749999996 0.5718120833333333 0.19417312500000006 0.2053511666666667
2.0 0.375971 0.44070433333333336 0.08190975 0.048303333333333365
5.0 0.9202635000000001 0.44757566666666665 0.058034249999999954 0.09978633333333331
26.0 0.67192175 0.628489 0.008353175000000101 0.032962666666666696
26.0 0.77422150625 0.67630725 0.023361762500000105 0.09220083333333329
9.0 0.784463 0.374952 0.023660025000000084 0.06195866666666672
2.0 0.5441544375 0.49514250000000004 0.08243962500000002 0.11502200000000001
2.0 0.5146323125 0.53013525 0.14148387499999998 0.09831216666666659
0.0 0.77145709375 0.6634459166666666 0.04285556249999989 0.19926216666666674
2.0 0.42416743749999997 0.5854934166666667 0.15844512500000002 0.1569478333333334
0.0 0.6368302499999999 0.658372 0.03752124999999995 0.16944533333333345
2.0 0.8012212499999999 0.4237203333333333 0.01840667500000004 0.021697999999999995
0.0 0.7996980375 0.5957075833333333 0.025403049999999983 0.11065583333333318
0.0 0.66941075 0.5678016666666666 0.017333250000000078 0.03085266666666664
7.0 0.652006 0.42112799999999995 0.03285350000000009 0.058195
7.0 0.60908025 0.4750525000000001 0.07602274999999992 0.12027400000000005
2.0 0.435896375 0.5825761666666667 0.18190299999999998 0.18382300000000007
0.0 0.7575806875 0.6776545 0.07060837499999995 0.17084500000000002
58.0 0.5563101875 0.5659703333333334 0.05365587499999991 0.10956866666666665
0.0 0.7996980375 0.5957075833333333 0.025403049999999983 0.11065583333333318
2.0 0.811356 0.45526266666666665 0.07544149999999994 0.05134966666666663
5.0 0.75092528125 0.3989686666666667 0.0304520625000001 0.03450866666666663
2.0 0.673425 0.430545 0.014568700000000101 0.034540000000000015
0.0 0.93483925 1.047644 0.04232400000000003 0.07085433333333313
2.0 0.25041156249999996 0.564848 0.13648187500000003 0.12754466666666664
2.0 0.25041156249999996 0.564848 0.13648187500000003 0.12754466666666664
2.0 0.43539237499999994 0.5907535833333333 0.18089499999999997 0.16746816666666675
0.0 0.7183231999999999 0.610222 0.025602399999999914 0.12271999999999994
2.0 0.41382624999999995 0.48501075 0.06917174999999998 0.052198833333333305
2.0 0.71274724375 0.4234701833333333 0.032820987499999954 0.03326903333333325
2.0 0.25041156249999996 0.564848 0.13648187500000003 0.12754466666666664
2.0 0.41382624999999995 0.48501075 0.06917174999999998 0.052198833333333305
0.0 0.7996980375 0.5957075833333333 0.025403049999999983 0.11065583333333318
2.0 0.3747678125 0.545729 0.14675137500000002 0.1611873333333333
2.0 0.21616825 0.5819752499999999 0.06741799999999998 0.14867549999999996
26.0 0.7451335 0.649828 0.020392900000000047 0.06724966666666665
9.0 0.379475 0.35429666666666665 0.01609922500000005 0.039243999999999946
2.0 0.36944612499999996 0.545729 0.13610799999999995 0.1611873333333333
2.0 0.4146759375 0.5830770833333334 0.222327875 0.1828211666666667
2.0 0.435896375 0.5825761666666667 0.18190299999999998 0.18382300000000007
2.0 0.12694425 0.60784325 0.15436075 0.13711250000000008
0.0 0.77145709375 0.6634459166666666 0.04285556249999989 0.19926216666666674
2.0 0.48828768749999996 0.5718120833333333 0.19417312500000006 0.2053511666666667
2.0 0.4146759375 0.5872439166666668 0.222327875 0.17448750000000002
2.0 0.4023910625 0.5645513333333334 0.201997875 0.19883199999999995
0.0 0.73135525 0.654101 0.05166650000000006 0.21047799999999994
9.0 0.51518535625 0.28762733333333335 0.00819581250000001 0.030741333333333287
26.0 0.77422150625 0.67630725 0.023361762500000105 0.09220083333333329
2.0 0.0449225 0.41861133333333334 0.044042999999999985 0.03296149999999998
2.0 0.71274724375 0.4234701833333333 0.032820987499999954 0.03326903333333325
2.0 0.375971 0.44070433333333336 0.08190975 0.048303333333333365
2.0 0.811356 0.45526266666666665 0.07544149999999994 0.05134966666666663
2.0 0.60982925 0.5179091666666666 0.0676254999999999 0.03557346666666661
0.0 0.73169366875 0.654101 0.05234333750000009 0.21047799999999994
74.0 0.76219195 0.18436066666666664 0.008881974999999986 0.014982533333333325
2.0 0.43539237499999994 0.5907535833333333 0.18089499999999997 0.16746816666666675
7.0 0.60908025 0.4750525000000001 0.07602274999999992 0.12027400000000005
5.0 0.25762031250000006 0.40658833333333333 0.15859287500000002 0.11536333333333337
2.0 0.60982925 0.5179091666666666 0.0676254999999999 0.03557346666666661
2.0 0.5440679374999999 0.49514250000000004 0.08226662500000004 0.11502200000000001
2.0 0.25041156249999996 0.564848 0.13648187500000003 0.12754466666666664
58.0 0.5563101875 0.5659703333333334 0.05365587499999991 0.10956866666666665
0.0 0.7857895312500001 0.6549024999999999 0.04332981250000001 0.216349
5.0 0.75092528125 0.3989686666666667 0.0304520625000001 0.03450866666666663
2.0 0.36942006250000003 0.5241294166666668 0.136055875 0.11798816666666673
9.0 0.784463 0.374952 0.023660025000000084 0.06195866666666672
0.0 0.917161 0.639922 0.0263675000000001 0.06415900000000008
2.0 0.48416087499999994 0.5057922499999999 0.085374 0.1469981666666666
0.0 0.8602915000000001 0.6040223333333333 0.012505474999999988 0.06868399999999997
0.0 0.8221314999999999 0.6655976666666666 0.036843750000000064 0.15719666666666665
0.0 0.7894257375 0.5957075833333333 0.04594765000000001 0.11065583333333318
0.0 0.7894257375 0.5957075833333333 0.04594765000000001 0.11065583333333318
9.0 0.51518535625 0.28762733333333335 0.00819581250000001 0.030741333333333287
0.0 0.8221314999999999 0.6655976666666666 0.036843750000000064 0.15719666666666665
2.0 0.4753645624999999 0.4758393333333334 0.06778137499999998 0.08709233333333338
0.0 0.7857895312500001 0.6549024999999999 0.04332981250000001 0.216349
7.0 0.36768999999999996 0.4106956666666667 0.06833924999999996 0.0444876666666667
0.0 0.6678935 0.641335 0.026843249999999985 0.139621
2.0 0.13527275 0.4211266666666666 0.03326974999999999 0.0362946666666667
0.0 0.0060325 0.4330023333333333 0.011967675 0.05430266666666672
5.0 0.25762031250000006 0.40658833333333333 0.15859287500000002 0.11536333333333337
74.0 0.76219195 0.18436066666666664 0.008881974999999986 0.014982533333333325
2.0 0.12694425 0.60784325 0.15436075 0.13711250000000008
2.0 0.25041156249999996 0.5786943333333333 0.13648187500000003 0.15523733333333323
