2.0 0.46667699999999995 0.43948100000000007 0.04014200000000001 0.05266566666666661
0.0 0.86776675 0.6166254 0.03244800000000003 0.10687553333333333
0.0 0.64026305 0.716515 0.056116899999999914 0.12143233333333336
2.0 0.7659838175 0.4361512 0.03196466500000006 0.038255433333333255
5.0 0.2702121875 0.48191925 0.312963375 0.2078611666666667
0.0 0.6440574375000001 0.6857682500000001 0.06358087500000009 0.18292583333333323
2.0 0.041884525 0.4187489166666667 0.08376895 0.054352833333333295
5.0 0.27039475 0.48191925 0.3133285 0.2078611666666667
0.0 0.7868374375 0.7565468333333334 0.04352312500000011 0.23189500000000007
0.0 0.649914625 0.8674579166666667 0.07529524999999992 0.4233181666666668
2.0 0.0560795625 0.5575584166666667 0.111843625 0.17662250000000002
7.0 0.7007712500000001 0.410048 0.032186999999999966 0.0532556666666667
2.0 0.4457565 0.4946763333333334 0.04510749999999997 0.06843433333333332
26.0 0.5725745 0.7074513333333334 0.03129049999999989 0.10643933333333333
2.0 0.73933753 0.4378753333333333 0.026457809999999915 0.035551
0.0 0.52801025 0.7207224999999999 0.036454999999999904 0.20398833333333333
0.0 0.8187390000000001 0.622940425 0.027515500000000026 0.13006415000000016
2.0 0.0560795625 0.5575584166666667 0.111843625 0.17662250000000002
0.0 0.75168231875 0.7238644166666668 0.03320038749999976 0.19969650000000005
5.0 0.2702121875 0.48191925 0.312963375 0.2078611666666667
0.0 0.75168231875 0.7238644166666668 0.03320038749999976 0.19969650000000005
2.0 0.041884525 0.4187489166666667 0.08376895 0.054352833333333295
5.0 0.3074210625 0.4813158333333334 0.239275875 0.20665433333333333
0.0 0.56518198125 0.7279278333333333 0.04371246250000005 0.2070063333333334
0.0 0.7305437562499999 0.7284844166666666 0.0754775124999999 0.20893649999999997
5.0 0.8057105 0.41155733333333333 0.040194749999999946 0.07921866666666666
5.0 0.5592260625 0.5433476666666667 0.18382237500000004 0.08609733333333325
26.0 0.6846347500000001 0.9869186666666666 0.016182850000000082 0.11441266666666672
0.0 0.56518198125 0.7279278333333333 0.04371246250000005 0.2070063333333334
0.0 0.64592355 0.7136856666666667 0.06743790000000005 0.2387606666666664
0.0 0.75168231875 0.7238644166666668 0.03320038749999976 0.19969650000000005
9.0 0.78425518125 0.3764143333333333 0.022907437500000127 0.061361
0.0 0.7305419375 0.7798070833333333 0.07547387500000002 0.3115818333333332
2.0 0.0560795625 0.5575584166666667 0.111843625 0.17662250000000002
0.0 0.8187390000000001 0.622940425 0.027515500000000026 0.13006415000000016
2.0 0.09985325 0.4230796666666667 0.040603749999999994 0.03875233333333339
0.0 0.52801025 0.7207224999999999 0.036454999999999904 0.20398833333333333
7.0 0.54594125 0.5433346666666666 0.15695575000000006 0.08591666666666664
5.0 0.5592260625 0.5433476666666667 0.18382237500000004 0.08609733333333325
0.0 0.56518198125 0.7279278333333333 0.04371246250000005 0.2070063333333334
0.0 0.86776675 0.6166254 0.03244800000000003 0.10687553333333333
2.0 0.6644152499999999 0.4523753333333334 0.02488752500000002 0.05328500000000003
0.0 0.4239811875 0.9833144166666667 0.05822687500000001 0.19642250000000006
0.0 0.71882425 0.791864 0.0520385000000001 0.28746799999999983
5.0 0.27039475 0.48191925 0.3133285 0.2078611666666667
0.0 0.7868374375 0.7565468333333334 0.04352312500000011 0.23189500000000007
0.0 0.7868374375 0.7565468333333334 0.04352312500000011 0.23189500000000007
9.0 0.78425518125 0.3764143333333333 0.022907437500000127 0.061361
2.0 0.7540373875 0.4363371583333333 0.05585752499999996 0.038627349999999894
2.0 0.7659838175 0.4361512 0.03196466500000006 0.038255433333333255
0.0 0.7868374375 0.7565468333333334 0.04352312500000011 0.23189500000000007
2.0 0.69102675 0.4299643333333333 0.02647749999999993 0.029946433333333355
2.0 0.0560795625 0.5575584166666667 0.111843625 0.17662250000000002
0.0 0.6533535 0.7805496666666666 0.052578000000000014 0.10503266666666655
0.0 0.65648875 0.9035751666666667 0.06214699999999995 0.3510836666666668
0.0 0.4239811875 0.9833144166666667 0.05822687500000001 0.19642250000000006
9.0 0.5043405 0.170851 0.02343912499999995 0.0416786666666667
